tokenizer_config:
    seed: 45
fbank_mean: 15.29130
fbank_std: 5.90532