tokenizer_config:
    seed: 45
fbank_mean: 11.50363
fbank_std: 7.10811
