tokenizer_config:
    seed: 45
fbank_mean: 13.54396
fbank_std: 5.24060
