tokenizer_config:
    seed: 45
fbank_mean: 16.47244
fbank_std: 5.61463
